Report For Management

      11
      23
     896
     473
    1547
    2096
      12
       0
     -45
    1864
      78
    1024
      14
      67
      23
     896
     473
    1547
     896
    2096
      12
     -13
       0
     -45
    1864
      78
    1024

     -45
     -45
     -13
       0
       0
      11
      12
      12
      14
      23
      23
      67
      78
      78
     473
     473
     896
     896
     896
    1024
    1024
    1547
    1547
    1864
    1864
    2096
    2096
